*01*
f,3,0,1
t,3,0,4
t,2,1,5
t,2,2,2
f,2,3,3
t,3,3,0
t,2,4,1
f,3,4,3
T
*02*
t,3,0,2
f,3,0,3
f,2,3,2
t,2,3,4
t,3,3,5
t,2,4,1
f,2,4,2
f,3,5,2
T
*03*
t,2,0,4
t,3,0,5
t,2,3,2
t,3,2,3
t,2,4,1
f,2,3,4
f,2,4,4
f,3,5,2
T
*04*
t,2,0,0
t,3,0,2
t,2,0,3
f,2,0,4
f,2,1,4
t,2,3,0
f,2,5,0
f,3,3,1
t,3,2,5
T
*05*
t,2,0,0
t,2,0,1
f,3,0,2
t,2,0,5
t,3,1,2
t,2,2,3
t,2,1,4
f,2,3,4
f,2,4,1
f,2,5,0
f,2,5,2
t,2,4,4
T
*06*
t,2,0,1
f,2,0,2
t,2,0,4
t,2,2,2
t,3,1,3
f,2,3,4
f,2,4,1
f,2,4,3
f,2,5,0
f,2,5,2
t,2,4,5
T
*07*
t,2,0,0
f,3,0,1
t,2,1,3
f,2,1,4
t,2,2,4
t,3,2,5
f,3,3,1
f,2,4,0
t,2,4,2
f,3,5,3
T
*08*
t,2,0,1
f,2,0,2
f,2,0,4
t,3,1,2
t,2,1,3
t,2,2,4
t,3,3,0
f,3,5,1
t,2,4,4
t,3,3,5
T
*09*
f,2,0,0
f,2,0,2
t,2,0,4
f,3,1,1
t,2,2,2
t,3,2,3
f,2,3,4
t,3,3,0
f,2,4,1
f,2,5,2
t,2,4,5
T
*10*
f,2,0,0
f,2,0,4
t,3,1,2
f,2,1,3
t,3,2,3
t,2,3,0
t,3,3,1
f,2,5,2
f,2,3,4
t,2,4,5
T
*11*
t,2,0,0
t,2,3,0
t,2,0,3
t,3,0,2
t,3,2,5
f,2,0,4
f,2,1,4
f,3,3,1
f,2,5,1
T
*12*
t,2,0,1
t,3,0,2
f,3,0,3
t,2,1,5
t,2,3,3
t,2,3,4
t,2,3,5
t,2,4,0
f,2,4,1
f,2,5,1
f,2,5,3
T
*13*
t,2,0,0
f,2,0,1
t,3,0,5
t,3,1,2
t,2,3,0
t,2,3,1
f,3,3,3
f,2,4,2
f,2,5,0
t,2,4,4
T
*14*
t,2,0,0
t,2,0,1
f,2,0,2
t,2,1,2
f,2,1,3
t,2,0,5
t,2,2,3
t,3,2,4
t,2,2,5
f,2,3,0
t,2,3,2
t,2,4,3
T
*15*
t,2,0,0
f,2,0,1
f,2,0,3
t,3,0,5
t,2,1,2
f,2,1,3
t,2,2,3
t,3,2,4
t,3,3,1
f,2,4,2
f,3,5,3
T
*16*
t,2,0,0
f,2,0,1
f,2,1,2
t,3,0,4
t,3,1,5
t,2,2,2
f,2,3,0
f,2,3,3
f,3,4,0
f,3,5,0
t,2,4,3
T